  -2.55242014       5.35517931E-03
  -2.16660333       1.51494741E-02
  -2.14215660       1.61082745E-02
  -1.66339767       4.81528640E-02
  -1.54092979       6.17055297E-02
  -1.44866180       7.37542510E-02
  -1.42886412       7.65594840E-02
  -1.32105827       9.32746530E-02
  -1.27954853      0.100382924    
  -1.27846658      0.100573361    
  -1.27463579      0.101249635    
  -1.20458603      0.114205778    
  -1.20438600      0.114244342    
  -1.19627059      0.115818799    
  -1.11163270      0.133160353    
  -1.09151697      0.137531877    
  -1.04576910      0.147835135    
  -1.03335965      0.150716782    
 -0.817129672      0.206874311    
 -0.785682261      0.215964913    
 -0.778912663      0.217951715    
 -0.652932227      0.256797969    
 -0.638169944      0.261575103    
 -0.513069332      0.303810120    
 -0.471579880      0.318462610    
 -0.458934754      0.322987258    
 -0.439438432      0.330015123    
 -0.413873523      0.339322507    
 -0.405906439      0.342243791    
 -0.392769963      0.347081244    
 -0.338328749      0.367390871    
 -0.318722814      0.374801695    
 -0.316658139      0.375584900    
 -0.287327796      0.386765957    
 -0.249605685      0.401286900    
 -0.246587127      0.402455211    
 -0.197671458      0.421505809    
 -0.136786237      0.445482254    
 -0.108039670      0.456882298    
  -4.90668453E-02  0.480380774    
  -4.84256372E-02  0.480636895    
  -5.98847214E-03  0.497603893    
   9.18973889E-03  0.503676891    
   4.99407202E-02  0.519968212    
  0.123528890      0.549265683    
  0.127564147      0.550865352    
  0.132707596      0.552902997    
  0.135490999      0.554005086    
  0.147094294      0.558594465    
  0.167956531      0.566824675    
  0.220458135      0.587395191    
  0.244715333      0.596819818    
  0.246961638      0.597689748    
  0.248795286      0.598399520    
  0.267689645      0.605693221    
  0.284928024      0.612314880    
  0.290293515      0.614369154    
  0.307349384      0.620877504    
  0.375198811      0.646408796    
  0.387186050      0.650854826    
  0.406365156      0.657924652    
  0.407194436      0.658229113    
  0.409424782      0.659047484    
  0.417303532      0.661932170    
  0.425546736      0.664940059    
  0.438533753      0.669657290    
  0.447728306      0.672980726    
  0.452025324      0.674529254    
  0.541859388      0.706176341    
  0.579648912      0.719047904    
  0.609016776      0.728858471    
  0.615887225      0.731128633    
  0.624691248      0.734023631    
  0.662612438      0.746309638    
  0.667677164      0.747927666    
  0.679747343      0.751761615    
  0.691464067      0.755453289    
  0.737326145      0.769614279    
  0.750526607      0.773603559    
  0.816393018      0.792915404    
  0.891900837      0.813809633    
  0.917619526      0.820617139    
   1.06118226      0.855692387    
   1.20502186      0.885878325    
   1.26667643      0.897334576    
   1.28472495      0.900524497    
   1.29277265      0.901923299    
   1.46592796      0.928627610    
   1.61538219      0.946848452    
   1.61766076      0.947094619    
   1.68098068      0.953580737    
   1.68281853      0.953759015    
   1.82429385      0.965915322    
   1.86016345      0.968539417    
   2.00997686      0.977760077    
   2.02727032      0.978660226    
   2.34185576      0.990394711    
   2.81514955      0.997559547    
   2.86600208      0.997919261    
   3.13579011      0.999142230    
