  -2.55242014       5.34892082E-03
  -2.16660333       1.51324868E-02
  -2.14215660       1.60903931E-02
  -1.66339767       4.81163859E-02
  -1.54092979       6.16669655E-02
  -1.44866180       7.37160444E-02
  -1.42886412       7.65216947E-02
  -1.32105827       9.32410359E-02
  -1.27954853      0.100352049    
  -1.27846658      0.100542545    
  -1.27463579      0.101219177    
  -1.20458603      0.114181638    
  -1.20438600      0.114220262    
  -1.19627059      0.115795553    
  -1.11163270      0.133148134    
  -1.09151697      0.137522757    
  -1.04576910      0.147833884    
  -1.03335965      0.150717854    
 -0.817129672      0.206927121    
 -0.785682261      0.216026783    
 -0.778912663      0.218015552    
 -0.652932227      0.256899953    
 -0.638169944      0.261681497    
 -0.513069332      0.303951442    
 -0.471579880      0.318613410    
 -0.458934754      0.323140562    
 -0.439438432      0.330172002    
 -0.413873523      0.339483380    
 -0.405906439      0.342405736    
 -0.392769963      0.347244799    
 -0.338328749      0.367557824    
 -0.318722814      0.374968410    
 -0.316658139      0.375751555    
 -0.287327796      0.386930764    
 -0.249605685      0.401446223    
 -0.246587127      0.402613997    
 -0.197671458      0.421651185    
 -0.136786237      0.445599854    
 -0.108039670      0.456982076    
  -4.90668453E-02  0.480432987    
  -4.84256372E-02  0.480688512    
  -5.98847214E-03  0.497610986    
   9.18973889E-03  0.503666043    
   4.99407202E-02  0.519915164    
  0.123528890      0.549155831    
  0.127564147      0.550753117    
  0.132707596      0.552787721    
  0.135490999      0.553888142    
  0.147094294      0.558471203    
  0.167956531      0.566691279    
  0.220458135      0.587242723    
  0.244715333      0.596661448    
  0.246961638      0.597530901    
  0.248795286      0.598240376    
  0.267689645      0.605530798    
  0.284928024      0.612150252    
  0.290293515      0.614204109    
  0.307349384      0.620711148    
  0.375198811      0.646243632    
  0.387186050      0.650690675    
  0.406365156      0.657762766    
  0.407194436      0.658067346    
  0.409424782      0.658886015    
  0.417303532      0.661771655    
  0.425546736      0.664780855    
  0.438533753      0.669500232    
  0.447728306      0.672825277    
  0.452025324      0.674374580    
  0.541859388      0.706042290    
  0.579648912      0.718924284    
  0.609016776      0.728743374    
  0.615887225      0.731015563    
  0.624691248      0.733913124    
  0.662612438      0.746210635    
  0.667677164      0.747830212    
  0.679747343      0.751667857    
  0.691464067      0.755363047    
  0.737326145      0.769538045    
  0.750526607      0.773531199    
  0.816393018      0.792862356    
  0.891900837      0.813776970    
  0.917619526      0.820590973    
   1.06118226      0.855696440    
   1.20502186      0.885902524    
   1.26667643      0.897364438    
   1.28472495      0.900555730    
   1.29277265      0.901955068    
   1.46592796      0.928665996    
   1.61538219      0.946886003    
   1.61766076      0.947132170    
   1.68098068      0.953616679    
   1.68281853      0.953794897    
   1.82429385      0.965946198    
   1.86016345      0.968568861    
   2.00997686      0.977783263    
   2.02727032      0.978682697    
   2.34185576      0.990405977    
   2.81514955      0.997562230    
   2.86600208      0.997921467    
   3.13579011      0.999142945    
