  -2.55242014       1.53542506E-02
  -2.16660333       3.81578580E-02
  -2.14215660       4.02214043E-02
  -1.66339767      0.100020066    
  -1.54092979      0.121703096    
  -1.44866180      0.139701247    
  -1.42886412      0.143737733    
  -1.32105827      0.166703910    
  -1.27954853      0.175949052    
  -1.27846658      0.176192716    
  -1.27463579      0.177056432    
  -1.20458603      0.193118304    
  -1.20438600      0.193164840    
  -1.19627059      0.195055678    
  -1.11163270      0.215067744    
  -1.09151697      0.219886616    
  -1.04576910      0.230903551    
  -1.03335965      0.233901635    
 -0.817129672      0.285706848    
 -0.785682261      0.292998761    
 -0.778912663      0.294554561    
 -0.652932227      0.322355986    
 -0.638169944      0.325442642    
 -0.513069332      0.349742293    
 -0.471579880      0.356959701    
 -0.458934754      0.359065980    
 -0.439438432      0.362224311    
 -0.413873523      0.366196871    
 -0.405906439      0.367394686    
 -0.392769963      0.369327068    
 -0.338328749      0.376750648    
 -0.318722814      0.379185140    
 -0.316658139      0.379433930    
 -0.287327796      0.382809728    
 -0.249605685      0.386706173    
 -0.246587127      0.386995912    
 -0.197671458      0.391223788    
 -0.136786237      0.395227462    
 -0.108039670      0.396620721    
  -4.90668453E-02  0.398462296    
  -4.84256372E-02  0.398474783    
  -5.98847214E-03  0.398935109    
   9.18973889E-03  0.398925424    
   4.99407202E-02  0.398445070    
  0.123528890      0.395910025    
  0.127564147      0.395709515    
  0.132707596      0.395444721    
  0.135490999      0.395297170    
  0.147094294      0.394649625    
  0.167956531      0.393354774    
  0.220458135      0.389364451    
  0.244715333      0.387173891    
  0.246961638      0.386960149    
  0.248795286      0.386784285    
  0.267689645      0.384901643    
  0.284928024      0.383072674    
  0.290293515      0.382481962    
  0.307349384      0.380537570    
  0.375198811      0.371827364    
  0.387186050      0.370132178    
  0.406365156      0.367326230    
  0.407194436      0.367202342    
  0.409424782      0.366868079    
  0.417303532      0.365675241    
  0.425546736      0.364407092    
  0.438533753      0.362368196    
  0.447728306      0.360894769    
  0.452025324      0.360197783    
  0.541859388      0.344471365    
  0.579648912      0.337248564    
  0.609016776      0.331413209    
  0.615887225      0.330021620    
  0.624691248      0.328224272    
  0.662612438      0.320309937    
  0.667677164      0.319232702    
  0.679747343      0.316647291    
  0.691464067      0.314113826    
  0.737326145      0.303989053    
  0.750526607      0.301018476    
  0.816393018      0.285878778    
  0.891900837      0.268023103    
  0.917619526      0.261858404    
   1.06118226      0.227184579    
   1.20502186      0.193016931    
   1.26667643      0.178856194    
   1.28472495      0.174785167    
   1.29277265      0.172981754    
   1.46592796      0.136229947    
   1.61538219      0.108211413    
   1.61766076      0.107813574    
   1.68098068       9.71220806E-02
   1.68281853       9.68223289E-02
   1.82429385       7.55498484E-02
   1.86016345       7.07188845E-02
   2.00997686       5.29216826E-02
   2.02727032       5.11061102E-02
   2.34185576       2.57046670E-02
   2.81514955       7.58583937E-03
   2.86600208       6.56552520E-03
   3.13579011       2.92187906E-03
